# oST version 5.0 parameters


[image]

width
640

height
480

[narrow_stereo]

camera matrix
318.253729 0.000000 314.057093
0.000000 317.943762 235.820440
0.000000 0.000000 1.000000

distortion
-0.276635 0.057298 0.003849 0.000854 0.000000

rectification
1.000000 0.000000 0.000000
0.000000 1.000000 0.000000
0.000000 0.000000 1.000000

projection
224.661804 0.000000 315.444225 0.000000
0.000000 254.364990 238.395071 0.000000
0.000000 0.000000 1.000000 0.000000
