image_width: 640
image_height: 480
camera_name: narrow_stereo
camera_matrix:
  rows: 3
  cols: 3
  data: [ 318.25373,    0.     ,  314.05709,
            0.     ,  317.94376,  235.82044,
            0.     ,    0.     ,    1.     ]
camera_model: plumb_bob
distortion_coefficients:
  rows: 1
  cols: 5
  data: [-0.276635, 0.057298, 0.003849, 0.000854, 0.000000]
rectification_matrix:
  rows: 3
  cols: 3
  data: [ 1.,  0.,  0.,
          0.,  1.,  0.,
          0.,  0.,  1.]
projection_matrix:
  rows: 3
  cols: 4
  data: [ 224.6618 ,    0.     ,  315.44422,    0.     ,
            0.     ,  254.36499,  238.39507,    0.     ,
            0.     ,    0.     ,    1.     ,    0.     ]
